K1=50
K12=200
M1=100
M2=60
b=50
